#Fit Results from Gnuplot
alpha           = 35277.1          +/- 1780         (5.047%)
x0              = 108.941          +/- 0.1229       (0.1128%)
beta            = 0.177065         +/- 0.003437     (1.941%)
gamma           = 0.162711         +/- 0.00451      (2.772%)

#Fit Results from ROOT
alpha  =      34940.7   +/-   1221.78    (3.497%)
x0     =      108.947   +/-   0.0789247  (0.0724%)
beta   =     0.176278   +/-   0.00250331 (1.420%)
gamma  =     0.163156   +/-   0.00291734 (1.788%)
